57819, Narin, Lamia, 2.710541, 2003 8 26
97841, Amira, Farhad, 3.218262, 2005 8 22
32431, Zana, Narin, 2.92452, 2002 9 14
45382, Tina, Faisal, 3.685704, 2003 5 18
17331, Tina, Bahroz, 3.610092, 2007 1 2
62581, Amira, Farhad, 2.421966, 2006 6 12
84341, Faisal, Shivan, 3.310877, 2001 9 2
61856, Tariq, Lana, 2.52976, 1999 11 4
42325, Ali, Rami, 3.795646, 2000 6 24
62350, Lamia, Tina, 3.994652, 2005 12 1
28131, Zaid, Goran, 3.511564, 1999 3 3
24371, Lana, Narin, 3.584159, 2000 8 16
65333, Farhad, Mariam, 2.763239, 2004 6 25
71348, Ali, Ahmad, 3.360567, 1999 5 5
25014, Amira, Hala, 2.223104, 2000 4 6
66985, Narin, Tariq, 2.006491, 2002 9 14
44522, Peshraw, Hawar, 3.741037, 2001 7 29
49117, Rojan, Lana, 2.747828, 2000 9 4
31174, Ahmad, Faisal, 2.977211, 2000 5 9
24662, Lamia, Dalia, 2.478905, 2002 9 22
41571, Goran, Goran, 3.463815, 2002 3 3
19071, Kardo, Kardo, 3.319502, 2005 6 28
82063, Narin, Ali, 3.055348, 1999 10 24
89507, Rami, Shivan, 3.857827, 2006 5 25
36365, Dalia, Nour, 3.990299, 2004 6 22
95180, Lamia, Salma, 3.799228, 2000 6 6
69177, Jihan, Zana, 2.449395, 2002 6 28
54313, Azad, Tina, 3.17688, 2006 10 17
10942, Farhad, Dilshad, 2.457884, 2004 12 9
14117, Hala, Farhad, 3.028312, 2003 1 31